-2 1
-1.992 1
-1.976 1
-1.952 1
-1.92 1
-1.88 1
-1.832 1
-1.776 1
-1.712 1
-1.64 1
-1.56 1
-1.48 1
-1.4 1
-1.32 1
-1.24 1
-1.16 1
-1.08 1
-1 1
-0.92 1
-0.84 1
-0.76 1
-0.68 1
-0.6 1
-0.52 1
-0.44 1
-0.36 1
-0.28 1
-0.2 1
-0.12 1
-0.04 1
0.04 1
0.12 1
0.2 1
0.28 1
0.36 1
0.44 1
0.52 1
0.6 1
0.68 1
0.76 1
0.84 1
0.92 1
1.01 1
1.08 1
1.16 1
1.24 1
1.32 1
1.4 1
1.48 1
1.56 1
1.64 1
1.72 1
1.80384 0.999975
1.89184 0.999328
1.9798 0.996887
2.06763 0.991461
2.15509 0.981865
2.2418 0.966943
2.32714 0.94559
2.41026 0.916795
2.49001 0.879696
2.56495 0.83366
2.63332 0.778368
2.69313 0.713927
2.74275 0.641339
2.78196 0.56263
2.81117 0.479671
2.83109 0.393994
2.84265 0.306786
2.84695 0.218913
2.84514 0.130945
2.83844 0.04321
2.82804 -0.0441686
2.81514 -0.131217
2.80094 -0.218063
2.78779 -0.296974
2.77463 -0.375886
2.76148 -0.454797
2.74833 -0.533709
2.73518 -0.61262
2.72203 -0.691532
2.70888 -0.770443
2.69572 -0.849355
2.68257 -0.928266
2.66942 -1.00718
2.65627 -1.08609
2.64312 -1.165
2.62996 -1.24391
2.61681 -1.32282
2.60366 -1.40174
2.59051 -1.48065
2.57736 -1.55956
2.5642 -1.63847
2.55105 -1.71738
2.53922 -1.7884
2.52869 -1.85153
2.51949 -1.90677
2.5116 -1.95412
2.50502 -1.99357
2.49976 -2.02514
2.49581 -2.04881
2.49318 -2.06459
