359  0.966  3.66e-07  2.71e-05 -6.37e-08
359  1.840  6.12e-08  9.49e-06 -5.28e-09
  0  1.887  5.67e-07  5.64e-05 -1.49e-07
359  1.954  7.81e-07  8.31e-05  1.43e-07
359  3.765  3.64e-07  1.22e-05 -2.57e-07
359  3.960  6.51e-07  1.44e-05 -6.13e-07
359  3.847  4.17e-07  3.14e-05 -7.37e-08
359  4.904  1.34e-07  2.14e-05  4.68e-09
  0  4.954  3.57e-09  3.65e-08  3.14e-11
359  4.996  4.84e-07  3.81e-05  1.15e-08
 89  0.026  3.21e-07  2.66e-05  7.96e-09
 89  1.519  2.66e-07  3.61e-06 -9.21e-08
 89  2.339  3.35e-09  3.1e-08  -1.49e-09
 89  2.673  1.87e-06  1.85e-05 -2.97e-06
 89  2.782  4.13e-06  3.81e-05  8.33e-06
 89  2.837  2.41e-09  7.47e-09 -4.51e-10
 90  4.944  1.27e-07  2.1e-05   5.1e-08
179  1.497  2.45e-09  5.97e-08  6.64e-10
180  1.543  5.98e-06  5.18e-05  1.07e-05
180  3.881  5.16e-09  1.57e-07  5.48e-11
270  0.105  2.69e-07  4.88e-05  3.91e-08
269  1.534  2.21e-09  5.15e-09 -1.43e-09
269  1.649  9.25e-07  1.8e-05  -6.65e-07
269  3.828  8.1e-08   1.27e-05 -6.87e-09
269  3.873  4.67e-09  1.1e-07   1.48e-09
269  3.989  1.06e-06  2.18e-05 -1.12e-06
269  3.938  1.25e-07  2.14e-05  9.07e-10
270  4.904  2.17e-06  6.83e-05  1.07e-08

